165 0.04 -0.04 0.1 1.0 
2 2.28  9.18
2 2.25  8.82
2 2.28  8.47
2 2.38  8.11
2 2.50  7.77
2 2.61  7.41
2 2.70  7.05
2 2.76  6.71
2 2.82  6.30
2 2.88  5.97
2 2.96  5.61
2 3.07  5.25
2 3.23  4.92 
2 3.39  4.58
2 3.59  4.30
2 3.80  4.02 
2 4.03  3.73 
2 4.33  3.47
2 4.59  3.20
2 4.86  2.96
2 5.15  2.73
2 5.45  2.50
2 5.75  2.30
2 6.07  2.09
2 6.39  1.93
2 6.73  1.77
2 7.08  1.65
2 7.42  1.52
2 7.75  1.42
2 8.11  1.34
2 8.45  1.26
2 8.80  1.20
2 9.15  1.14 
2 9.53  1.08
2 9.91  1.08
2 10.33 1.07 
2 10.69 1.06
2 11.06 1.08
2 11.43 1.11
2 11.79 1.14
2 12.14 1.19
2 12.54 1.27
2 12.95 1.36
2 13.35 1.44
2 13.72 1.57
2 14.10 1.72
2 14.47 1.89
2 14.86 2.06
2 15.20 2.25
2 15.54 2.43
2 15.88 2.62 
2 16.18 2.82
2 16.50 3.07
2 16.80 3.31
2 17.09 3.60
2 17.36 3.89
2 17.63 4.21
2 17.89 4.51
2 18.10 4.91
2 18.27  5.27
2 18.40 5.62
2 18.55 5.99
2 18.71 6.39
2 18.81 6.76
2 18.93 7.20
2 19.00 7.65
2 19.00 8.08
2 19.01 8.51
2 19.01 8.93
2 18.98 9.34 
2 18.88 9.79
2 18.79 10.19 
2 18.69 10.61
2 18.55 11.02 
2 18.28 11.34
2 17.97 11.64
2 17.65 11.93
2 17.36 12.25
2 17.08 12.54
2 16.84 12.90
2 16.62 13.24
2 16.42 13.63
2 16.34 14.06
2 16.23 14.47
2 16.10 14.90
2 16.01 15.33
2 15.98 15.76
2 16.01 16.17 
2 15.99 16.60 
2 16.03 17.04
2 16.09 17.52 
2 16.13 17.91
2 16.18 18.31
2 16.29 18.71
2 16.40 19.09
2 16.56 19.45
2 16.76 19.79
2 16.95 20.11
2 17.15 20.43
2 17.36 20.74
0 17.59 21.14 
2 17.15 21.14
2 16.67 21.14
2 16.22 21.14
2 15.80 21.14
2 15.36 21.14
2 14.94 21.14
2 14.53 21.14
2 14.12 21.14
2 13.68 21.14
2 13.30 21.14
2 12.85 21.14
2 12.48 21.14
2 12.03 21.14
2 11.58 21.14
2 11.17 21.14
2 10.76 21.14
2 10.36 21.14
2 9.95  21.14
2 9.54  21.14
2 9.13  21.14
2 8.73  21.14 
0 8.37  21.14
2 8.29  20.72
2 8.15  20.33
2 7.98  20.00
2 7.62  19.79
2 7.49  19.41
2 7.41  18.98
2 7.14  18.67
2 6.68  18.49
2 6.24  18.47
2 5.79  18.53
2 5.38  18.63
2 4.92  18.73
2 4.51  18.88
2 4.07  19.00
2 3.65  19.10
2 3.21  19.04
2 2.96  18.67
2 2.94  18.26 
2 2.99  17.79
2 3.14  17.36
2 2.91  17.00
2 2.53  16.72
2 2.49  16.31
0 2.61  15.91 
2 2.17  15.82
2 2.04  15.39
2 2.10  14.90
2 2.08  14.47
2 1.72  14.27
2 1.32  14.12
2 0.99  13.84
2 0.85  13.41
2 1.03  12.95
2 1.27  12.59
2 1.47  12.21
2 1.65  11.83
2 1.89  11.48 
2 2.13  11.17
2 2.39  10.80
2 2.55  10.42
2 2.55  10.00
2 2.49  9.56
