121 0.04 -0.04 0.1 1.00
2 4.11  7.48
2 4.09  7.24
2 4.05  6.83
2 4.09  6.47
2 4.13  6.18
2 4.21  5.85
2 4.35  5.53
2 4.52  5.25
2 4.67  4.96
2 4.79  4.66
2 5.00  4.39
2 5.24  4.18
2 5.46  3.93
2 5.72  3.68 
2 6.01  3.44
2 6.31  3.24 
2 6.56  3.07
2 6.89  2.88
2 7.22  2.71
2 7.54  2.61
2 7.90  2.50
2 8.24  2.43
2 8.61  2.32
2 9.00  2.20
2 9.38  2.16 
2 9.64  2.09 
2 10.05 2.06
2 10.42 2.04 
2 10.81 2.03
2 11.21 2.05
2 11.58 2.11 
2 11.92 2.20
2 12.25 2.24
2 12.61 2.34 
2 12.94 2.46
2 13.28 2.53
2 13.69 2.57
2 14.08 2.69
2 14.46 2.94 
2 14.76 3.16 
2 15.09 3.41
2 15.32 3.72
2 15.64 3.90
2 15.97 4.10 
2 16.25 4.42
2 16.46 4.78
2 16.76 5.01
2 17.01 5.37
2 17.12 5.77
2 17.26 6.20
2 17.45 6.51
2 17.66 6.83
2 17.75 7.28
2 17.83 7.71
2 17.87 8.10
2 17.89 8.55
2 17.87 8.96
2 17.63 9.23
2 17.63 9.56
2 17.37 9.84
2 17.00 10.03
2 16.70 9.84 
2 16.38 9.70
0 16.01 9.78
2 16.07 10.16
2 16.18 10.58
2 16.23 11.01 
2 16.23 11.46
2 16.11 11.87
2 15.77 12.13
2 15.31 12.24
2 14.94 12.41
2 14.55 12.57
2 14.18 12.78
2 13.85 12.99
2 13.51 13.30
2 13.22 13.63
2 12.98 13.94
2 12.75 14.26
2 12.71 14.67
2 12.71 15.08 
2 12.81 15.52
2 12.90 15.95
2 12.95 16.42
2 12.58 16.62
2 12.20 16.44
2 12.10 16.06
2 12.08 15.66
2 12.05 15.28
2 12.01 14.94
2 11.97 14.53
2 11.93 14.10
2 11.84 13.75
2 11.67 13.39
2 11.44 13.08
2 11.21 12.79
2 10.99 12.53 
2 10.78 12.20
2 10.61 11.91 
2 10.57 11.55
2 10.27 11.34
2 10.13 10.95
2 10.03 10.61
2 9.87  10.20
2 9.62  9.97
2 9.25  9.84
2 8.86  10.03
2 8.53  9.84
2 8.20  9.68
2 7.81  9.67
2 7.50  9.42
2 7.10  9.30 
2 6.76  9.20
2 6.38  9.27
2 5.93  9.17
2 5.46  9.25
2 5.15  9.08
2 4.97  8.76
2 4.68  8.52
2 4.42  8.28
2 4.25  7.98
